1575814
1588909
1579399
1556052
1586535
1576157
1558657
1514077
1585287
1478588
1455488
1474613
1418178
1117310
1286970
1060819
1289439
1289809
1290044
1041642
1111333
1290644
1060424
1404797
1478494
1423097
1396107
1413612
1409412
1559027
1556079
1579000
1575690
1527227
1536135
1576565
1564341
1591637
1510999
1514095
1060339
1045456
1122930
1022602
1053735
1455082
1478292
1574393
1396416
1437407
1432033
1473995
1464607
1589111
1575621
1579190
1558732
1585386
1566212
1557502
1052459
VTN_EGF|1
VTN_CTGF|1
VTN_CXCL12|Alpha
VTN_CXCL12|Beta
VTN_BMP7
VTN_BMP4
VTN_BMP5|1
VTN_FGF6
VTN_FLT3LG|1
VTN_GPNMB|1
VTN_CXCL8|1